   2.0000000e+00   1.6188155e+00  -6.0535372e-01   1.9256267e+00  -6.2101300e-01  -1.4857361e+00  -8.7171928e-01
   2.0000000e+00   2.1447339e+00   3.2175489e-01  -6.9427433e-01  -2.4631187e-01  -2.2769303e-01  -9.7859683e-01
   2.0000000e+00  -9.7329279e-01   5.9733317e-01   4.0298226e-01   6.1825093e-02  -3.4766100e-01   1.2074168e+00
   2.0000000e+00   1.9855190e-01   2.0991340e+00  -1.8565452e+00  -9.5815240e-01   8.9893467e-01   1.9293434e-01
   2.0000000e+00  -1.2433479e+00   6.7067724e-01  -1.3195683e+00  -8.3309551e-01  -4.8589056e-01  -1.5645260e+00
   2.0000000e+00  -6.6449326e-02   1.5123691e+00   9.8013993e-02  -2.5513000e-01  -1.0322497e+00  -9.4382367e-01
   2.0000000e+00  -6.0469297e-02   3.8521389e-01  -1.1528565e+00   1.9871251e-01  -6.4631361e-01   4.2405795e-01
   2.0000000e+00   1.4947931e+00  -3.9241260e-01   1.8304175e+00  -8.7255460e-01  -9.2196227e-01  -1.6340826e+00
   2.0000000e+00  -1.8681526e-01   2.6835898e-01  -8.1075001e-01   5.4074878e-01  -1.0291234e+00   3.0240084e-02
   2.0000000e+00   2.0480684e-01  -1.6304826e+00   1.1769585e+00   1.5034830e-01   1.7170553e+00  -1.1323532e+00
   2.0000000e+00   4.6820150e-01   1.0699381e+00   2.0621274e+00   1.2913901e+00   4.3262661e-01  -1.0246191e+00
   1.0000000e+00   5.0611741e-01   1.2190346e+00  -4.2197564e-01  -4.0430076e-01  -1.5274126e+00  -3.4823112e-01
   2.0000000e+00  -7.2950056e-01  -6.6609848e-01   9.5202738e-01   7.1264722e-01  -1.9421377e+00  -1.0940761e+00
   2.0000000e+00   1.1611325e+00   6.5950869e-01  -1.7286392e-01   1.0488163e+00   1.5954631e+00  -1.1373751e+00
   2.0000000e+00  -3.7766701e-01  -1.3927352e-01   3.2972823e-01  -8.0849830e-02  -8.5087785e-01   4.1721789e-01
   2.0000000e+00   7.6853162e-01   5.7178455e-01   8.9888291e-01  -1.6682859e+00   1.0114372e+00  -5.1719599e-01
   2.0000000e+00  -2.1437751e+00  -5.7844605e-01  -8.1402274e-01  -3.2182918e-01  -1.7216026e-01  -6.5018105e-01
   1.0000000e+00   8.1380060e-01  -1.4318849e+00   5.4560240e-02   3.6455898e-01  -1.8144349e-01  -1.3063160e-01
   2.0000000e+00  -1.1002893e+00   8.1314606e-02  -2.6899378e+00  -1.8289010e+00  -4.2491584e-02  -4.3075643e-01
   1.0000000e+00   1.6571812e-01  -4.9843637e-02   6.2912865e-01   1.2297688e+00   8.7051066e-01  -2.8743703e-01
   2.0000000e+00  -1.3009953e+00   2.3057481e+00  -1.7194330e+00  -9.7584726e-01  -5.0283729e-01   2.1072375e+00
   1.0000000e+00   3.7041101e-01  -1.1304333e+00   2.2276006e-01  -1.8963654e-01  -3.1208910e-01   1.0306123e+00
   2.0000000e+00   4.7517927e-01  -6.3292267e-01  -1.0327098e+00   6.8297479e-01  -1.8334391e+00   9.6430139e-01
   1.0000000e+00   2.6141821e-01  -2.5828434e-01  -2.4097623e-01   9.3021716e-01   3.9245118e-01  -1.0987183e+00
   2.0000000e+00  -1.2723406e+00  -4.8453480e-01   5.5194670e-01  -6.4976694e-01  -6.3680793e-01   5.9328757e-01
   1.0000000e+00   4.1862530e-01   9.5596573e-01  -6.8844292e-01  -1.8458190e-01  -3.1602036e-01  -5.4842901e-01
   2.0000000e+00  -2.4846791e-01   1.4536963e-02   1.6825813e+00   1.0290618e+00  -2.9013011e-01  -2.0411050e+00
   2.0000000e+00   1.1008072e+00  -1.4127147e-01  -4.1609420e-01  -1.2027979e-01   1.6353787e+00   5.5427957e-01
   2.0000000e+00   1.0524735e+00   1.5301975e+00   4.5697726e-01   6.7057394e-01   1.4687707e+00  -3.0154878e-01
   2.0000000e+00  -6.1531168e-01  -3.3666918e-01  -8.6499338e-02  -3.2613257e-01   8.8658111e-01   1.7340425e+00
   2.0000000e+00  -6.0887637e-02   2.1527089e-02   6.0055338e-01   1.0979612e-02  -1.6803866e+00  -2.4511412e-01
   1.0000000e+00   4.3922783e-01   1.5397817e+00  -3.5201311e-02   5.9982551e-01   1.3812927e+00  -1.6833343e+00
   1.0000000e+00   3.7644040e-01   1.4308696e+00   7.3269702e-01  -3.2777111e-02  -1.4148177e+00  -5.5938383e-01
   2.0000000e+00  -1.9570380e-01   2.5272498e-01   8.4530730e-01   4.8454926e-01  -5.6515476e-01  -3.4598160e+00
   2.0000000e+00   6.5199176e-01  -5.1120712e-01   8.8337518e-01  -2.3130663e+00   5.1886840e-01   1.0291653e+00
   2.0000000e+00  -1.5630916e+00  -9.9823547e-01   1.0833963e-01   6.1968057e-01  -7.3799478e-01   1.4332380e-01
   2.0000000e+00   1.6663455e+00   2.2860128e-01   1.4671175e+00   1.2284536e+00  -5.7228472e-01  -8.9265465e-01
   1.0000000e+00   6.8773362e-01  -2.1674711e-01  -5.9321734e-01   4.7697248e-01  -4.6518142e-01   1.3731036e+00
   2.0000000e+00  -1.0652057e+00  -1.8292658e+00  -1.9890184e+00  -4.1260712e-01  -5.0085385e-01  -3.1269603e-01
   2.0000000e+00   1.9004939e+00   3.2191816e-01   2.1047889e-01   5.6788307e-01   5.2518889e-01   2.0994431e+00
   2.0000000e+00  -3.3490875e-01   1.0533786e-01  -1.1687261e-01  -1.1348743e+00   1.5417080e-01   1.0555929e+00
   2.0000000e+00   6.1723812e-01   4.8452415e-02   1.5740132e+00   1.0221134e+00   1.3210017e+00   1.9562632e+00
   1.0000000e+00   1.9131548e-01   1.3881479e+00   8.6834271e-01   1.1554076e+00  -5.0472396e-02  -4.3705971e-01
   2.0000000e+00  -1.4134384e-01   9.4139174e-01   2.1180230e+00   7.8831378e-01   1.8912649e+00  -4.6911682e-01
   2.0000000e+00  -7.3187512e-01  -3.4046280e-01   1.5617967e+00  -1.7158666e+00   1.2041355e+00  -1.2775349e+00
   2.0000000e+00   7.3125135e-01  -1.4550132e+00  -8.0726800e-01   3.3966605e-01  -5.8525902e-01   1.0101891e+00
   1.0000000e+00   2.9531601e-01   5.6546997e-02   9.0213043e-02  -3.9811529e-01   6.2475536e-01   6.6609261e-01
   2.0000000e+00  -3.4838600e-01   3.7731996e-01   2.7385520e-01   2.5280845e+00  -1.1459944e+00  -1.6254697e-01
   2.0000000e+00  -4.1274577e-01   1.0467640e+00  -2.1106641e-01   3.4519087e-01  -8.7050637e-01   1.7838077e+00
   1.0000000e+00   3.3642252e-01  -1.7377527e+00  -9.3031423e-01   7.1270581e-01   1.1457253e+00  -2.8140821e-01
   2.0000000e+00  -1.8239421e+00  -3.8168383e-01  -6.3164320e-01   1.0209193e+00   7.4127187e-01   2.8289397e-01
   2.0000000e+00  -9.6220364e-01  -7.7841915e-01   4.9862515e-01   4.5954145e-01   1.1908673e+00  -4.2215846e-01
   1.0000000e+00   7.9558444e-02   1.4553103e+00   3.0358942e-01  -4.1733459e-01   1.2298948e-01  -2.2502174e-01
   2.0000000e+00  -2.9411323e-03  -5.6913850e-01  -5.0847321e-01   2.8480362e+00   5.7433801e-01  -2.6627477e-01
   2.0000000e+00   1.6326035e+00   1.4921026e-01  -4.4253894e-01   1.5406406e-01   1.3657262e+00  -1.0906347e+00
   2.0000000e+00   2.6229748e+00  -2.2953401e+00  -2.1954996e+00   2.9177903e-01  -1.4179353e-01   1.5821204e-01
   2.0000000e+00   1.6764370e+00   8.7219708e-01   2.7469184e-01   2.9919685e-01  -1.6861396e+00  -5.9511909e-01
   2.0000000e+00   1.2757504e+00   8.6281519e-01   4.9180950e-01   1.4483065e+00   1.0766319e+00  -2.4245611e+00
   2.0000000e+00  -6.1786748e-01   1.6476172e+00   8.3624229e-01   4.6282859e-01   5.9353769e-02   1.3810316e-01
   2.0000000e+00  -1.0074206e+00   2.5198368e-01  -7.1938241e-01   5.0855401e-01   1.2161169e+00   2.0891894e-01
   1.0000000e+00   4.7775975e-01  -4.1821937e-01  -3.7151551e-01  -3.3788820e-01   1.4496075e+00   3.8521795e-01
   2.0000000e+00   1.7149440e+00  -6.9188866e-02   5.0287835e-01   2.1609427e+00   8.8702921e-01   1.5398700e+00
   2.0000000e+00  -2.5437920e-01  -1.4640995e+00   1.1358731e+00  -7.9393051e-01   2.5783832e-01   3.4300194e-01
   2.0000000e+00  -4.9765871e-01   8.2624258e-01   2.8978894e-01  -1.0231498e+00  -1.5861801e-01  -8.7256922e-01
   2.0000000e+00   1.6643524e+00  -8.6766977e-02  -2.4675854e+00  -2.5839228e-01   6.7230101e-02   5.3717834e-01
   2.0000000e+00  -9.9675591e-01   7.0585060e-01   3.7662642e-02  -1.1510448e+00   3.0330400e-01  -4.3522113e-01
   2.0000000e+00   1.2849480e+00  -1.6689284e+00  -3.6740850e-01  -4.4917526e-01  -2.6752888e-01  -6.7994406e-01
   2.0000000e+00   6.8651182e-01   8.5315899e-01  -9.8636076e-01  -5.3707365e-01  -1.6189485e+00  -1.2144420e+00
   2.0000000e+00   1.0755363e+00  -1.8642314e+00  -6.6902186e-02   1.4329948e+00   7.5992402e-01  -7.0348028e-01
   2.0000000e+00  -1.4681231e+00  -2.4586951e-02  -8.0455870e-01  -1.2134403e+00   1.1146905e+00   7.4823870e-03
   2.0000000e+00   6.7632696e-02  -3.0658506e-01  -2.0622166e+00  -7.2843730e-01  -8.3320911e-01  -1.0057419e+00
   2.0000000e+00  -8.7779495e-01   2.7343108e-01   9.9118916e-01  -1.2622701e+00  -2.5401255e-01  -1.7867080e-01
   2.0000000e+00   1.7204211e+00  -1.9145116e+00   8.4463727e-02  -8.8278054e-01   1.1134751e+00   1.8075918e+00
   2.0000000e+00   1.1207865e+00   1.3220668e+00   1.7441175e+00   7.2343617e-01   2.2251435e-01  -1.2665054e-01
   2.0000000e+00  -5.9764067e-01  -9.4436986e-01   1.3489645e-01   1.0027717e+00  -1.6581473e+00   1.3637490e+00
   2.0000000e+00   1.0293727e+00  -3.8253573e-01  -1.4266297e+00  -8.0231793e-02  -5.6222567e-01   1.3814356e+00
   2.0000000e+00   2.1512704e+00  -1.7330875e-01   1.1244713e-01  -4.2971118e-01   9.1792369e-01  -2.9382766e-01
   2.0000000e+00  -2.2880280e-01  -1.0781591e+00  -8.2400650e-01   5.3405766e-01  -5.4223518e-02  -7.4861753e-02
   2.0000000e+00  -1.5218131e-01  -1.3350350e+00  -5.9591908e-01   4.3626545e-01   9.2887475e-01   9.7651402e-02
   2.0000000e+00  -5.8784063e-02   1.6674259e+00   3.9837885e-01  -3.6415254e-01   5.3103740e-01   1.2399368e+00
   2.0000000e+00  -6.9215826e-01  -8.3744480e-01   4.1784622e-02   1.7772206e+00   7.5007541e-01   1.9880053e+00
   2.0000000e+00  -1.6951811e-01  -1.4392497e+00  -1.1200412e+00   1.1961814e+00  -1.3202195e+00   7.2421013e-01
   2.0000000e+00   1.9924790e+00  -3.1193268e+00  -4.9414672e-01  -5.6403119e-01  -3.4041228e-01  -3.8398057e-01
   2.0000000e+00  -5.2729532e-01   2.9452281e-01  -9.8123075e-01   9.9522865e-01  -7.7083413e-01   7.3078794e-01
   2.0000000e+00   2.4565518e-01  -3.1664620e-01   1.6657210e+00  -7.6475601e-01   2.4441771e+00  -1.3289682e+00
   2.0000000e+00   8.9517258e-01  -3.5522315e-01  -5.9594688e-01  -2.2283366e-01  -6.5691903e-01   1.2929972e+00
   2.0000000e+00   2.7436843e-02  -1.2394393e+00  -2.2148059e+00  -7.1035492e-01   1.4254808e+00  -7.0804928e-01
   2.0000000e+00   6.0204633e-01   1.1397033e+00   8.1887871e-01   3.2993524e-01   1.1464166e-02  -1.6231897e-01
   2.0000000e+00   2.4912201e-02   1.1431840e-01  -1.8674350e-01  -2.6743215e+00  -9.5524961e-01  -5.8476979e-01
   1.0000000e+00   3.5268384e-01  -7.9262166e-01   2.2119786e-01   1.9678186e-01   2.2832736e-03   3.4289856e-01
   2.0000000e+00  -1.0150851e+00  -7.9710093e-01  -5.6604609e-01  -7.8204545e-02   8.2115184e-01   8.2413814e-01
   1.0000000e+00   1.4925746e-03  -1.9077306e+00   7.0877580e-01  -1.7347800e-02   1.4516466e+00  -1.1422328e+00
   2.0000000e+00   2.0149599e-01   6.0792846e-02   1.2489897e+00   9.8377496e-01  -9.1279838e-02  -8.8035140e-01
   2.0000000e+00  -3.1717359e-01  -1.5716008e+00   2.8415477e-01   9.3082245e-01  -1.9191794e+00   8.9288820e-01
   2.0000000e+00  -2.3380470e-01   8.5244287e-01  -3.3081751e-03  -2.4163935e-03  -2.9262156e-02   5.1749958e-01
   2.0000000e+00  -1.1830223e+00   3.6326579e-01   8.5491769e-01   1.8299545e-01  -1.3142915e+00   1.4952712e+00
   2.0000000e+00  -4.0727923e-01   6.6707795e-01   7.3566678e-01   7.1904676e-02   2.4934199e-01  -1.1689673e+00
   2.0000000e+00   4.4120702e-01   1.5573934e+00   1.1733335e+00   4.6101718e-01   9.1507003e-01  -2.6244150e-01
   2.0000000e+00  -9.9218409e-01  -1.4848418e+00   3.1878622e-01   3.3185523e+00   5.8422490e-01  -9.0887470e-01
   1.0000000e+00   2.9547508e-01   9.4142224e-01   5.1916126e-01   8.2636646e-01  -2.2397893e+00   1.7810124e+00
   2.0000000e+00  -4.2999669e-01  -1.0041326e+00   1.3274870e+00   9.6215642e-01  -4.0460687e-01  -4.9014905e-01
   2.0000000e+00  -1.8073524e+00  -3.4897551e-01  -1.7663635e-01  -6.7935601e-01   2.0932261e+00   2.5004545e+00
   1.0000000e+00   5.4407192e-01   7.1448902e-01  -2.5853711e-01   1.1374646e+00  -1.5689784e+00   8.0148548e-01
   2.0000000e+00   1.9498915e-02  -1.1660831e+00  -1.1772173e+00  -7.3409336e-01  -3.8744801e-03   1.0464326e+00
   2.0000000e+00  -1.7118048e+00   2.8228267e+00   1.1398707e+00  -3.0437762e-02   3.0970742e-01   2.5759535e-01
   2.0000000e+00  -2.8082253e+00  -9.5600547e-01   6.8565154e-01  -1.2638176e+00  -3.6950537e-01  -8.6609119e-01
   2.0000000e+00  -1.9127136e+00   4.4587518e-02   2.2269076e-01  -4.4070870e-01  -1.1934671e+00   1.4892947e-01
   2.0000000e+00  -5.8656362e-01  -5.6236636e-01  -2.1258044e+00   1.1601743e+00  -1.5465921e-01   1.1574623e+00
   2.0000000e+00  -3.5362372e-01  -1.3054939e+00  -1.0075265e+00  -1.4754483e+00  -1.9171404e+00  -5.9085411e-01
   2.0000000e+00   5.9427394e-01  -1.2172977e+00   8.8616975e-01  -1.1315030e+00   1.2188135e+00  -2.0623467e+00
   2.0000000e+00  -1.3807286e+00  -1.2771558e+00   3.8655528e-01  -1.0179407e+00  -9.0333480e-01  -1.5286034e+00
   2.0000000e+00  -6.8720287e-01   1.1479131e-01   1.3785932e+00  -3.8366524e-01  -6.0405173e-01  -1.0963794e+00
   2.0000000e+00  -2.4526351e-01  -6.8592247e-01   3.6463654e-01   7.0562728e-01  -3.5086115e-01   5.7335821e-01
   2.0000000e+00   5.2308496e-01  -9.3294514e-01   9.7122125e-01   8.1473459e-01  -1.1139024e+00   9.6752884e-01
   2.0000000e+00   1.6910009e+00  -1.0664217e+00  -8.9236539e-01  -9.6556323e-01  -4.5021320e-01  -3.6579803e-01
   2.0000000e+00  -2.3517840e+00  -4.2635068e-01  -4.7159728e-01   6.3132525e-01  -1.0611259e+00  -1.6346134e+00
   2.0000000e+00   2.0308362e+00   1.2302239e+00  -7.1063330e-01   1.8611446e+00   4.1411976e-03  -6.3581708e-01
   2.0000000e+00  -1.8008937e+00  -1.8702685e+00   1.2562640e+00   1.8047250e+00  -5.3365284e-01  -6.8395551e-01
   1.0000000e+00   9.0187162e-02   9.9509016e-01  -6.3185654e-01  -1.8110494e-01   7.2187507e-01   6.7632144e-01
   2.0000000e+00   3.4872088e-01   1.4546356e+00  -1.6543700e+00   8.1891523e-01   1.5468694e-01   4.5383948e-01
   2.0000000e+00  -2.5627630e-01   1.7416686e+00   8.8823364e-01   1.9017830e+00   1.1617615e+00   3.7345726e-02
   2.0000000e+00   1.0126463e+00   4.9226890e-01  -5.7750521e-01   5.8348199e-01   3.0967603e-01   2.9035281e-01
   2.0000000e+00  -1.2594456e+00  -5.1967401e-01   5.8297062e-01   1.6012051e+00  -6.2924196e-01   1.9857504e+00
   1.0000000e+00   3.2543121e-01  -7.7437366e-01  -4.2164436e-01  -1.6379656e+00  -4.6215809e-01   8.6672362e-01
   2.0000000e+00  -2.9039230e-01  -1.0518497e+00   4.9638039e-01  -4.5660472e-01  -1.2306837e+00   1.6631493e+00
   2.0000000e+00  -9.3131695e-01  -2.4740798e-01   1.5847271e+00   1.0422614e-01   3.7226487e-01  -6.7059682e-01
   2.0000000e+00   1.5186426e+00  -1.6381677e-01  -1.5190224e+00   2.1708475e+00   1.4888098e+00   6.6417834e-01
   2.0000000e+00  -2.4074694e-01   6.3461775e-01  -5.1611029e-01  -3.8252095e-01   9.2700532e-01  -6.9466889e-01
   2.0000000e+00  -2.8672711e-01  -7.9687904e-01   2.0282281e-01   1.7202188e-01  -9.9365209e-01  -3.5260948e-01
   2.0000000e+00   1.4361366e+00  -2.1188929e-01   1.5551524e-01  -1.0318154e+00   4.4392432e-01   1.3551700e+00
   2.0000000e+00   1.5977997e+00   1.5003571e+00   1.0568167e+00   3.7599484e-02  -3.9288295e-01  -5.0562845e-01
   2.0000000e+00   1.2972020e+00   4.9398123e-01   8.7488079e-01   9.1421484e-01   7.1469704e-02   2.9165833e-02
   2.0000000e+00  -3.2353253e-01   1.5123883e+00   7.3262780e-01  -7.3479895e-01  -4.6537403e-01   4.5143197e-01
   1.0000000e+00   3.3140033e-01  -5.5279647e-01  -2.9476699e-01   1.0033227e+00   3.4009500e-01   5.8046440e-01
   1.0000000e+00   8.0581542e-01   2.6997533e-01   3.0592199e-01  -2.7921833e-01   1.0041843e+00  -1.3869884e+00
   2.0000000e+00   3.2831474e-01  -3.8312582e-01  -1.0155985e+00  -1.3178944e+00   1.8629211e+00  -5.1239807e-02
   2.0000000e+00   3.8049833e-01  -9.0826759e-03   1.0518677e+00  -3.2975963e-01  -5.3268690e-01   8.2910151e-01
   2.0000000e+00   1.7105507e+00   1.0317413e-01  -6.3793756e-01   5.3646008e-01   1.9895193e-01   2.0866956e-01
   2.0000000e+00  -1.7814551e+00  -2.0079013e+00  -7.2261893e-01  -2.2450589e-01  -2.3172578e-01   1.7238347e+00
   2.0000000e+00  -1.4087710e+00  -1.5076072e+00   1.4251492e+00  -1.5757968e-01  -1.0613905e+00  -3.2533145e+00
   2.0000000e+00  -4.9311867e-01   1.4067856e+00   1.8065140e+00  -8.3395695e-01   1.1137674e+00   1.3295504e+00
   2.0000000e+00  -6.3034141e-01   3.0155625e-01  -1.8328466e+00  -1.0806354e+00  -2.5121631e-01  -1.4685390e+00
   2.0000000e+00   1.2819407e+00  -5.9361614e-01  -7.5437570e-01   5.5781675e-01  -9.2039182e-01  -1.9661656e+00
   2.0000000e+00  -3.4614788e-02  -2.2463023e+00   4.7227296e-01  -1.9882728e+00  -6.7314395e-01  -1.3433812e+00
   1.0000000e+00   5.1673744e-01  -7.9129377e-01  -5.3039641e-01  -1.8674590e+00  -3.5127459e-01  -4.2200524e-01
   2.0000000e+00   1.6252716e-01   3.1308781e-01   1.0796286e+00  -1.1142782e+00   1.3852373e+00  -9.8223524e-01
   2.0000000e+00  -8.8345997e-01   1.4951020e+00   9.4936893e-01   3.8071848e-01  -6.3173726e-01  -2.6286990e-01
   1.0000000e+00   5.4947441e-01  -2.2314313e+00   3.3198238e-01   8.4024919e-01  -8.5918596e-01  -9.1886098e-01
   2.0000000e+00  -1.3376501e+00   2.3950180e-01  -1.8285289e-01  -1.0386209e+00   4.7024661e-01  -1.0666258e+00
   2.0000000e+00  -5.8589381e-01   1.5686507e+00  -6.5801791e-01  -1.0403863e+00   1.2864492e+00  -5.0300145e-01
   1.0000000e+00   5.1187749e-02   4.6457988e-01   8.7741073e-01  -4.5565813e-01   8.2575948e-01   1.4732349e+00
   2.0000000e+00  -3.2299482e-01  -2.1615500e+00   6.2897082e-03  -5.4826010e-01  -9.0254056e-01  -6.2283011e-01
   2.0000000e+00   1.5410155e-01   1.9773286e+00  -1.8031052e+00  -9.1745425e-01  -3.2794580e-01  -1.6485754e+00
   2.0000000e+00   2.7377472e-01   6.2605640e-01  -1.4567809e-01   2.2009084e+00   8.6489880e-02   2.5078225e-01
   2.0000000e+00  -6.4717464e-01  -1.1319566e+00  -5.9023079e-02  -1.0425013e+00   3.9674583e-01   3.3510238e-01
   2.0000000e+00  -1.1108561e+00  -1.5647273e-01   1.7880653e+00  -1.2641184e+00   4.9523776e-01   1.0097950e+00
   2.0000000e+00  -1.1084491e-01  -5.7569390e-01  -1.7891757e+00  -1.7374509e+00  -3.7588460e-01  -9.0882136e-01
   2.0000000e+00  -3.9459855e-01   4.9565933e-01  -1.6795605e+00  -1.7240053e+00   2.6153510e-01   1.3464260e+00
   2.0000000e+00   1.0599103e+00  -5.1421292e-01   3.8226706e-01  -4.9316983e-01  -6.1354402e-01   1.0645439e+00
   2.0000000e+00  -1.5069579e+00   4.2604055e-01   3.5896055e-01   1.0172987e+00   7.3197399e-01   1.6192917e-01
   2.0000000e+00  -2.3050816e-01  -5.7877655e-01   6.0890150e-01  -2.2268870e+00  -4.9176799e-01   7.3457868e-01
   2.0000000e+00   2.4351938e+00  -7.5540860e-01   9.0350951e-01   7.1052811e-01  -1.1706314e+00   6.8190209e-01
   2.0000000e+00  -8.5007025e-01   1.6334700e+00  -8.0194450e-01   7.2233938e-01  -8.9212452e-01  -6.5393563e-01
   2.0000000e+00  -5.7814980e-02  -6.9409532e-01  -9.1720462e-01   8.1742670e-02  -2.5081833e-01   1.7700117e+00
   2.0000000e+00   4.1378737e-01   6.5581808e-01  -1.4534290e+00  -6.8143088e-01   1.2709932e+00   2.5870076e+00
   2.0000000e+00   6.8573257e-01   1.0551361e+00   7.3187336e-01  -3.3277827e-01   1.2562278e+00  -7.8920872e-02
   2.0000000e+00  -1.8706597e+00  -4.3487919e-01  -2.1224334e-01  -8.6424044e-01   6.7920177e-01  -5.1313381e-01
   2.0000000e+00  -1.6444751e+00   2.4779182e-01   5.5503189e-01   9.3957342e-01  -8.4069507e-01  -1.3940521e+00
   2.0000000e+00  -1.0079467e-01  -2.4573889e+00   1.8061016e+00  -1.5116007e-01   9.3795054e-01   4.2012540e-01
   2.0000000e+00   8.7861765e-01   3.6273049e-01   1.0702544e+00   4.2330028e-01   3.0003079e-01   1.2285234e+00
   2.0000000e+00  -1.8930932e+00   3.4615220e-01  -8.4361424e-01  -2.5445507e+00  -2.8019232e-01  -3.8245670e-01
   2.0000000e+00  -7.6836213e-01   1.3073450e+00  -7.2364685e-02   7.0806589e-01  -6.4530871e-01  -3.4869746e-01
   2.0000000e+00   1.3641137e-01  -1.2487940e+00   1.8223951e+00   8.4465342e-01   1.2440741e+00  -1.4901638e-01
   1.0000000e+00   1.0621735e-01   1.0334670e+00   2.6674213e-01  -2.0070349e-01  -1.0283570e+00   5.4962589e-01
   2.0000000e+00  -1.1243989e-01   1.7601639e+00   2.0991545e+00  -9.2230305e-01   9.8991775e-01   3.6228174e-01
   2.0000000e+00  -1.0622590e+00  -8.4608311e-01   9.9640334e-02   2.2257763e-01  -3.4841006e-01  -9.5756456e-01
   2.0000000e+00   7.9214536e-01   8.2292850e-01  -1.0726139e+00   1.7777250e-01  -2.0990289e-01  -1.9863356e-01
   2.0000000e+00  -1.4945894e-01  -4.8867348e-01  -5.0598134e-02  -2.2668566e-02  -4.8777033e-01   2.2928263e-01
   1.0000000e+00   2.6358663e-02   8.2780190e-01  -6.1855887e-02  -1.3293436e-01   1.8122291e-01  -1.1303390e+00
   2.0000000e+00   1.5348997e+00  -1.0558793e+00   1.0778334e-01  -1.1746167e+00  -1.2982432e+00  -6.9467994e-01
   2.0000000e+00   1.6675581e+00   4.1436271e-02  -1.9664149e+00  -5.9902320e-01   1.0070687e+00   1.4374001e+00
   2.0000000e+00  -2.4901311e-01  -1.9709413e+00   1.9853136e+00  -6.3787150e-02   3.3373834e-01   2.1818338e+00
   2.0000000e+00  -3.2223201e-01   1.2505915e+00   1.4152604e+00   4.1833200e-01  -1.7942754e+00   1.4158223e+00
   2.0000000e+00  -2.8106945e-01  -1.6884259e+00  -1.2103160e+00  -1.1380454e+00   1.8944329e+00  -1.2792374e-01
   2.0000000e+00  -3.7838433e-01   7.7570052e-01  -1.0124310e+00  -5.1399492e-01  -1.1202401e+00   3.6876234e-01
   2.0000000e+00   2.1594419e+00  -1.1464059e+00   4.0373570e-02   5.3832007e-02   6.9062263e-01  -2.2625164e-01
   2.0000000e+00  -4.2316087e-02   5.5857939e-01  -9.0085705e-01   9.1191674e-01  -8.6222801e-01  -1.1434651e-01
   2.0000000e+00   1.5205600e+00  -1.3291850e+00  -2.4028666e-01   1.5665037e-01   1.6505359e-01  -1.1346055e-01
   2.0000000e+00  -1.5997632e+00   1.2335653e-01  -2.3795843e-01  -9.5257456e-01   7.0771395e-01  -1.0128458e+00
   2.0000000e+00   9.8632169e-01   1.0719907e+00  -3.3726721e+00  -1.1752426e+00  -3.3056442e-01  -2.0504091e-01
   2.0000000e+00   8.8796756e-01   1.0203754e+00  -6.1308432e-01   1.2904153e-01  -1.1275545e+00   5.1291981e-01
   2.0000000e+00  -1.4723705e+00   6.4723798e-01   7.5614686e-01   4.5296683e-01   1.6595773e+00   8.2832351e-01
   2.0000000e+00  -8.8441145e-01   4.3461998e-01   1.8792989e+00  -4.2050983e-01  -3.0661002e-01  -7.7614262e-01
   2.0000000e+00  -5.4370141e-01   4.0726272e-01  -1.2792716e+00  -5.0281269e-01  -9.3201598e-01   8.5014466e-01
   1.0000000e+00   4.5936687e-01   1.1307017e+00   2.2233164e-01  -5.5415893e-01   1.3878527e+00  -8.3127551e-01
   2.0000000e+00  -2.6409745e-01  -6.5873075e-01   1.9297910e-01  -1.2998776e+00  -1.2436905e-01   2.6888621e-01
   2.0000000e+00  -3.9569623e-01   6.2020068e-02  -2.6411303e+00  -8.9561884e-01  -4.1291787e-01   9.5520891e-01
   2.0000000e+00   1.3648830e+00   2.2832920e-01   2.1703460e+00  -9.2914534e-01   3.2261863e+00  -1.9434102e+00
   2.0000000e+00  -6.0621855e-01   7.9621778e-01   1.6897706e-01   1.8909807e-01  -4.1605364e-01   9.9689425e-01
   1.0000000e+00   4.9774691e-01  -2.2460390e-02  -6.4661652e-01  -8.0282260e-01  -9.9379935e-01  -1.1218272e+00
   1.0000000e+00   4.3426207e-01   9.8338100e-01  -3.3698042e-01   7.9562416e-01  -2.2019744e+00   5.4562459e-01
   2.0000000e+00  -1.4694955e-01  -8.3606381e-02  -1.1556948e-01  -1.2524386e-01   7.2306393e-01   6.6381837e-01
   2.0000000e+00  -8.4393929e-01  -1.2575646e+00   2.8403983e-01  -5.0719476e-01   1.4593533e+00   3.4042727e-01
   2.0000000e+00  -1.2704080e+00  -7.6969315e-01   8.5973209e-01  -6.3750621e-01  -8.3828769e-01   4.2176214e-01
   1.0000000e+00   6.1480127e-01  -1.3477150e+00  -5.6777262e-01  -8.6206976e-01   2.6748606e-01  -3.2092428e-01
   2.0000000e+00   1.9140511e+00  -1.0681004e-01   1.5332659e+00   1.4572871e+00   7.9607609e-02  -1.8574977e-01
   2.0000000e+00   1.3400315e+00  -1.0545888e+00  -1.9079957e+00  -5.7892943e-01   1.5795757e+00  -5.4154080e-01
   2.0000000e+00  -7.2416867e-01   6.2554019e-01  -3.5667294e-01  -1.1518997e+00  -3.2512500e-01   1.9917916e-01
   2.0000000e+00   1.4780547e+00   1.7174776e+00  -1.1999353e+00  -9.7629949e-01   3.9304980e-01  -1.1489028e+00
   2.0000000e+00  -1.0652253e+00  -6.9582841e-01  -1.9177350e+00  -2.6021537e-01  -1.3529784e+00   2.6656815e+00
   2.0000000e+00   2.4174377e+00  -5.3352815e-02  -1.0647107e+00  -1.0247752e+00   8.8383855e-01   4.0909389e-01
   1.0000000e+00   1.5470244e-01  -1.4846077e+00  -6.2603464e-01   1.7749224e-01  -3.4832654e-02  -5.9645904e-01
   2.0000000e+00  -6.3641475e-02   1.2744999e+00  -3.2806156e-01  -1.9512834e-01  -4.2318221e-01  -3.8569724e-01
   2.0000000e+00   7.2141937e-01   1.6519964e+00   8.0684199e-01  -4.9130622e-01   8.2100598e-01   8.7512781e-02
   2.0000000e+00  -2.8356165e-01   6.9113604e-01  -7.2863657e-01  -4.8973023e-01   4.0465349e-01   7.3299235e-02
   2.0000000e+00  -4.1361577e-01   1.1879411e-01   2.2926435e-02   1.4141137e-01   5.1220366e-01  -1.0133384e+00
   2.0000000e+00  -2.0342979e+00  -1.0953924e+00  -1.2296736e-01   9.4090701e-01   7.7742987e-01  -7.2984178e-01
   2.0000000e+00  -3.4155101e-01   1.2957337e+00  -2.3397364e+00   7.8630065e-01   2.1346819e+00  -2.2303944e+00
   2.0000000e+00  -4.4599911e-01  -9.5261948e-01  -1.1021041e-01   2.6963734e-01   2.0243108e-02  -1.6612283e-01
   2.0000000e+00  -7.1077178e-01  -1.0529614e+00   3.3391678e-01  -7.3773014e-01   1.0280183e+00  -9.6033480e-01
   2.0000000e+00  -8.1972122e-01  -5.1809696e-01   1.2849897e+00  -1.3982346e+00  -5.7475242e-01   3.7354821e-01
   2.0000000e+00  -7.0641337e-01   2.1091397e-01  -1.4054537e-01  -6.9376793e-01  -4.6836376e-01  -1.0080092e+00
   1.0000000e+00   5.3211660e-01  -4.2744059e-01   3.6823800e-01  -6.1917773e-01   1.2158062e+00  -1.3231490e+00
   2.0000000e+00  -8.2641158e-01  -1.3207418e-01   6.6039650e-01   1.8603716e+00  -1.6918952e+00  -5.3655274e-01
   2.0000000e+00  -6.9708165e-02   1.2908164e+00  -3.6149088e-01  -9.8510501e-01   1.1946759e+00   2.2088670e-01
   2.0000000e+00   8.2684503e-01  -7.5241922e-01   1.2059689e+00  -1.5675207e+00  -1.9218973e-01   5.1624426e-01
   2.0000000e+00   2.4813661e+00  -6.6966660e-01   4.5854349e-01  -1.4995501e+00  -6.4119225e-01  -3.7444015e-02
   1.0000000e+00   2.2940362e-01  -1.5276162e+00  -4.9425301e-01  -4.7009858e-01  -7.4536077e-01  -2.1871442e-01
   2.0000000e+00   1.1071199e+00  -7.0529429e-01  -1.0075931e+00   1.4103282e-01  -5.3202507e-01  -1.0719781e+00
   2.0000000e+00  -1.1764003e+00   5.7444243e-01   3.4844381e-01   6.1873582e-01  -1.6767714e-01   8.4240736e-01
   1.0000000e+00   7.5633013e-02  -6.9652077e-01   2.0981783e-01  -7.5321838e-01  -9.0866772e-01   8.2735449e-01
   1.0000000e+00   6.1491849e-01  -5.0264952e-01   7.6483095e-01  -2.9828299e-01  -2.1223498e+00  -1.0187668e-01
   2.0000000e+00  -2.5789047e-01   3.0553954e-02  -8.6637487e-01   7.8982337e-02  -3.1857084e-01   4.9520146e-01
   1.0000000e+00   8.5262604e-01  -7.0604429e-01  -1.3114610e-01  -1.4722340e+00  -1.3383010e-01  -5.5139055e-01
   2.0000000e+00   1.0876684e+00  -2.1063333e-01   1.0513472e+00  -9.1513635e-01   4.8628804e-01   4.2734320e-01
   2.0000000e+00   1.0271579e-01  -1.2744811e-01   1.0081828e+00  -1.5920086e+00   1.1832469e-01  -2.1082825e-01
   2.0000000e+00   3.5195874e-01   1.7410812e-01   1.6276782e+00   3.4193530e-01  -1.5229735e+00  -7.7212140e-01
   2.0000000e+00   1.1246602e+00  -7.5522574e-01  -2.0676777e-01  -1.1409411e+00   5.3449351e-01  -1.2014322e+00
   2.0000000e+00   6.1748506e-01   3.2142358e-02   2.8214958e+00   9.0720416e-01   7.9699983e-01  -7.6783628e-02
   1.0000000e+00   7.9061584e-01  -6.8329376e-01   1.2673773e-01   2.7089557e-01  -8.5504246e-01   6.5214932e-02
   2.0000000e+00   1.4173442e+00   7.8407100e-01  -3.5642573e-01  -1.1510289e+00   5.6295809e-01   9.0979625e-01
   2.0000000e+00  -5.8329023e-01   7.3759104e-01  -4.6191591e-01  -7.1352495e-01   4.6435420e-01  -1.0963288e+00
   2.0000000e+00  -2.1874258e+00  -1.0118379e+00  -7.2536097e-01   4.7252669e-01   2.3309403e-01   4.5695851e-01
   2.0000000e+00   6.3235406e-01   6.5108548e-01  -1.1458537e+00   1.5457021e-01  -1.2615147e+00   5.5424138e-01
   2.0000000e+00  -1.6338082e-01   7.0496630e-01  -8.2717069e-01   1.6202047e+00  -1.4261642e-01   2.2544688e-01
   2.0000000e+00  -1.7627035e+00   2.5407986e-01  -1.2083368e+00   1.1656228e+00   1.1681972e+00  -8.9109715e-01
   1.0000000e+00   5.0213881e-01   5.7888833e-01   7.1504422e-01   1.0563221e+00  -1.5185626e+00   2.0049156e+00
   2.0000000e+00   1.4230101e+00   1.6374104e+00   2.5257519e-03  -1.5950828e+00   7.1338701e-01   1.2207139e+00
   2.0000000e+00  -1.0483477e+00   5.5686613e-01   1.6326078e+00  -1.8002011e-01  -3.0771080e-01  -1.3767681e+00
   1.0000000e+00   4.0610687e-01   5.3993433e-01  -4.7819567e-01   7.5911095e-01   9.9230175e-01   1.1585513e+00
   2.0000000e+00  -2.7541300e-01  -6.7422838e-01  -2.4588691e-01  -7.2934131e-01  -4.8468823e-01   9.3556519e-01
   2.0000000e+00  -6.9084865e-01   7.0661195e-02   2.1701587e+00  -4.8535191e-01  -1.0371737e+00   1.6556887e+00
   2.0000000e+00  -7.0831618e-01   4.0360992e-01  -5.9838282e-01  -6.0277636e-01  -1.3529684e+00  -7.8786685e-01
   2.0000000e+00  -1.5117132e+00  -7.2830369e-02  -1.6922081e+00  -2.5671374e+00  -1.7600505e-03   7.0413872e-01
   1.0000000e+00   8.0888464e-01  -4.2064556e-01   3.5238996e-01   1.1061584e-01  -8.8841874e-01  -1.5913744e-01
   1.0000000e+00   4.1799607e-01  -8.3821485e-01   5.6368725e-01  -1.1730732e+00  -1.2771769e-01  -5.6001879e-01
   2.0000000e+00   1.0227911e+00  -7.3725203e-01  -7.1815669e-01   6.0569477e-01  -2.6352899e-01  -1.4136137e+00
   1.0000000e+00   2.2386482e-01   2.0820168e-01   6.1755717e-01  -1.5085827e-01   7.3634879e-02  -3.3968974e-01
   2.0000000e+00  -8.4102825e-01   2.1273329e-01  -6.5273504e-02   2.2152540e+00  -8.2569839e-01   2.9163575e-01
   2.0000000e+00  -6.5891742e-02   3.2868588e-01   7.4822883e-01  -1.4442380e+00   4.3140875e-01   2.6150780e-01
   2.0000000e+00  -5.1438608e-02   4.1312181e-01  -8.0343192e-01  -4.9023708e-01  -1.1347783e+00   6.7474460e-01
   2.0000000e+00  -1.7522479e+00   1.1838576e+00   8.3278862e-01  -8.7031799e-01  -9.1471725e-01   2.2604449e-01
   2.0000000e+00  -7.8304167e-01   3.3740744e-01  -3.7473290e-01  -1.3550051e+00  -8.0155735e-01   6.0011817e-01
   2.0000000e+00  -1.0438912e+00   2.1687939e-01  -7.3971226e-01   1.4634052e+00   1.4362810e-01   2.6491870e-01
   1.0000000e+00   4.8685684e-01   1.3208429e-01  -6.2414642e-01   4.1300534e-01  -1.3914087e+00   2.2463455e+00
   2.0000000e+00   2.7129387e-01   8.6230748e-01  -1.4823734e+00  -1.6312018e-01  -1.2557049e+00   7.9890027e-01
   2.0000000e+00   1.3696277e+00  -1.7474355e+00  -1.4289706e+00   6.1431605e-01   1.3346041e+00  -5.8594522e-01
   2.0000000e+00  -1.0239962e+00   1.5317697e-01  -1.4912093e-01  -7.9197465e-01  -7.3242264e-01   1.7182016e+00
   2.0000000e+00  -1.3665928e+00  -1.7057669e+00  -2.3306118e-01   6.8206284e-02   2.0812677e-01  -8.2147942e-01
   2.0000000e+00  -1.2494609e-01  -3.5111575e-01   1.1778717e+00  -1.2170426e+00   8.3116013e-02   2.6935805e-01
   1.0000000e+00   4.6287630e-01  -6.2959819e-01   7.7351216e-01   1.4124002e+00  -2.1349161e+00   9.2726190e-01
   2.0000000e+00  -9.1004557e-01  -2.6171827e-01   8.7396378e-01  -3.8965914e-02  -8.3071069e-02   1.4821353e+00
   2.0000000e+00   9.5044119e-01   9.1259416e-01   4.7028723e-01   3.0569839e-01  -4.4318588e-01  -8.2405326e-01
   1.0000000e+00   2.8973194e-02  -4.2980210e-02   7.9055459e-01  -4.6059704e-02  -1.4082908e+00  -9.2353610e-01
   2.0000000e+00   1.3301335e+00   8.3117725e-01   2.4357675e+00   2.3342368e-01   1.7687148e+00  -4.5993991e-01
   2.0000000e+00   7.5118849e-01   1.4670412e+00  -1.7817686e+00   9.1357070e-01   1.8699800e-01  -1.3551810e+00
   2.0000000e+00  -7.5165529e-01  -6.1650684e-01   7.1143620e-01   2.3906977e+00  -1.0159582e+00   1.5334851e+00
   2.0000000e+00  -1.4834043e+00  -1.1095727e+00  -2.4570538e-01   1.3631126e+00  -8.2616637e-01  -1.3636258e+00
   2.0000000e+00  -2.9815432e-01   2.8548939e+00   2.1730760e+00  -4.2631607e-02   8.8252658e-01   2.8807677e-01
   2.0000000e+00  -1.2284816e+00  -9.4420385e-01   4.4657132e-01  -7.1713430e-03   2.3531279e-01   1.4558788e-01
   2.0000000e+00  -1.0304521e+00   1.5572290e+00  -8.8616141e-01   9.5101956e-01   8.2037235e-01   7.3545126e-01
   2.0000000e+00  -1.0377053e+00   1.8969904e+00   3.9699565e-01   2.3532896e-01   6.0963902e-01   1.6794725e+00
   2.0000000e+00   1.7366391e+00  -6.3113186e-01   3.4722189e-01   3.5922461e-01   4.5571649e-02  -1.4502009e+00
   2.0000000e+00  -8.0127351e-01  -1.2081456e+00  -9.3617743e-01   2.6791349e-01  -1.0226190e-01   1.3771926e+00
   2.0000000e+00   1.0531918e+00  -5.1897556e-01  -4.7542070e-01   2.0166032e-01  -2.3428280e-01   1.1483000e-01
   2.0000000e+00   5.1820173e-01   4.6027050e-01  -8.6561155e-01   5.8388170e-01   7.9442657e-01  -4.2599755e-01
   2.0000000e+00  -6.1345400e-01   4.2973929e-01   8.7478486e-03  -4.4899068e-01   3.2296383e+00   1.4924644e+00
   2.0000000e+00   1.9032695e+00  -1.1313428e+00  -5.0805270e-02   1.4298142e+00  -1.8651668e+00  -1.3373351e+00
   2.0000000e+00   4.7718481e-01   6.1887881e-01   1.3430991e+00   1.5212590e+00  -1.7194636e+00   1.7784493e-01
   2.0000000e+00  -9.8149712e-01  -1.0865736e+00  -1.3724001e+00   1.3929145e-01  -9.6341637e-01  -5.1917555e-02
   2.0000000e+00  -1.0703259e+00   9.6794129e-01   7.2904833e-01  -2.9265676e-01   1.5841736e+00   7.9727367e-01
   2.0000000e+00   7.5106108e-01  -5.8646078e-01  -1.3138728e+00   1.6331145e+00   1.7264538e+00  -3.4687908e-01
   1.0000000e+00   3.4230198e-01  -3.4161856e-01   5.5575945e-01   3.8374585e-01   3.9086815e-01  -4.2399013e-01
   2.0000000e+00  -7.9908485e-02   4.8843335e-01   1.1848232e+00   1.7401497e+00   1.7444307e+00  -1.2377579e+00
   2.0000000e+00  -8.0891515e-02  -7.8006958e-01   2.9002874e-01  -1.4616775e+00   5.5223595e-01  -1.0438083e+00
   1.0000000e+00   6.5452829e-02   1.6842807e-01   5.9648810e-01  -2.1485114e-01   2.2823690e-01  -5.6122883e-01
   2.0000000e+00   8.2829806e-01  -3.9236674e-01   2.1654149e+00   1.4931935e+00   1.0752323e+00   8.0968641e-01
   2.0000000e+00  -8.4677607e-01  -4.5807710e-02   7.3468619e-01   8.2123044e-01  -8.8046003e-01  -4.8618552e-01
   2.0000000e+00  -2.8815197e-01  -5.4525661e-01  -8.9973635e-01   4.1552947e-01  -1.1547048e+00  -1.0401124e+00
   2.0000000e+00   1.3690362e+00  -6.3297309e-01  -6.3565785e-01  -1.3253380e+00  -1.6271442e-03  -7.8126491e-01
   1.0000000e+00   1.2171861e-01  -1.6788053e+00   3.0594500e-02   8.2913719e-01  -8.2767241e-01   1.2187032e-01
   2.0000000e+00   1.0144576e+00   4.4140906e-01  -4.1678764e-01   2.0980475e-01  -8.3385284e-01  -5.5343191e-01
   2.0000000e+00  -6.1172067e-01  -6.8155649e-01   7.1610573e-02   2.1471736e-01   1.7654286e+00  -1.9949502e-02
   2.0000000e+00   9.1406810e-01  -1.9974592e+00  -8.1502194e-01   5.7020596e-01  -7.2413216e-01   6.5002303e-01
   2.0000000e+00  -3.3548005e-01   6.1261777e-02   2.1311475e-01   3.4541213e-01  -1.0563718e+00  -4.6862409e-01
   2.0000000e+00   1.2708654e+00  -1.3603191e-01   7.8794086e-01   1.8041016e-01   5.0458188e-02  -2.5783301e-01
   2.0000000e+00  -2.6893114e+00   2.4574480e+00  -1.2878466e+00   5.1324399e-01   5.5491827e-01   2.6642388e-01
   2.0000000e+00   6.2027656e-01   9.7768085e-01   1.6866042e+00  -1.2466042e-01  -1.4006822e+00   1.1841733e+00
   1.0000000e+00   7.3784989e-01  -3.3424366e-01   5.5541695e-01   9.3102003e-01  -5.7454222e-01   1.0754556e+00
   2.0000000e+00   1.0641537e+00   4.3538321e-01  -2.0362009e-01   2.0916287e+00   1.4164691e+00   1.0764754e-01
   2.0000000e+00  -7.2654166e-01  -5.2830579e-01  -2.5640575e-01   1.4486920e+00   6.9418582e-01  -1.1812419e-01
   2.0000000e+00  -7.0573036e-01  -8.5509196e-01  -4.0526879e-01   2.9606525e-01  -1.3243352e-01   2.0706020e-01
   2.0000000e+00   1.5131988e+00   4.9582366e-02   9.7900685e-01   9.4114010e-01   1.9073762e+00   1.0440125e+00
   2.0000000e+00  -1.2115933e+00  -1.5196935e+00  -5.0100339e-01   1.5169937e+00   1.1385604e+00   7.0042961e-01
   2.0000000e+00  -6.5866243e-01  -9.6234942e-01  -6.7558166e-01   1.1430219e+00   8.8911934e-01   6.8137129e-01
   2.0000000e+00   5.9334551e-01   6.3446547e-01   1.0750303e+00  -1.9291541e-01   9.3298232e-01   1.5980929e+00
   2.0000000e+00  -2.7893761e-01   6.5827329e-01  -1.6698494e+00   1.6678730e+00  -3.5192931e-01  -1.1685300e+00
   2.0000000e+00   2.0882251e-01  -1.0197913e+00   1.0035278e+00   1.5873530e+00   2.4963107e-01   5.2781179e-01
   1.0000000e+00   5.6104072e-01   2.9646494e-01  -6.0020657e-01   1.4309978e+00  -1.4004715e+00   9.5625954e-02
   2.0000000e+00   9.6008031e-01  -5.4755484e-01  -1.8240334e+00  -2.5018718e-01  -3.6544628e-01  -4.1310804e-01
   1.0000000e+00   2.8749430e-01   1.2252351e+00   2.3478244e-01   8.1308920e-01   1.9107808e+00   4.7773863e-01
   1.0000000e+00   1.7820902e-03   4.3801070e-01  -4.6258849e-01  -2.3331506e-01  -1.0796795e+00   7.7988228e-01
   2.0000000e+00  -1.3746577e-04  -1.4333216e+00   8.3682554e-02  -1.4657796e+00  -9.7295454e-01  -4.1840790e-01
   2.0000000e+00   6.0103003e-01   1.7077500e+00  -1.0127206e+00   1.9005194e+00  -1.3415977e+00   1.3396089e+00
   2.0000000e+00   1.3923004e+00   8.7560735e-02  -7.9828517e-02   8.3469373e-01   9.6415254e-01   2.7885623e-01
   2.0000000e+00  -4.8363960e-01  -5.3717476e-01   1.7385843e-01   2.3229315e-01   7.9226460e-01  -1.5203175e-01
   2.0000000e+00   8.7928048e-02  -3.4661070e-01  -1.4919337e+00   2.4269055e-01  -3.8284131e-01  -1.1767425e-01
   1.0000000e+00   7.4341130e-01   1.4198996e+00   3.2492524e-01  -9.1869460e-01  -1.4171950e-01  -1.2297502e+00
   1.0000000e+00   8.4878965e-01   1.3398452e-01   3.3509029e-01   1.1775985e+00  -6.5700233e-02  -1.6201332e-01
   2.0000000e+00  -1.2327954e+00   4.7470985e-02  -8.6908822e-01  -2.4829695e-01  -6.8204933e-01   2.1163998e-01
   2.0000000e+00   1.0319537e-01   4.9881736e-01   2.4358000e+00   1.4561677e+00   7.2114410e-01   5.4799478e-01
   2.0000000e+00  -6.3144163e-01  -1.7406427e+00  -2.2690387e-01   1.3339995e-01   6.0539898e-01   5.6985136e-01
   1.0000000e+00   4.4672545e-02  -1.2222382e-01   2.6529067e-01   1.8118289e-01   1.6521643e+00   1.3481044e+00
   2.0000000e+00  -3.6913761e-01  -5.0533788e-02   2.5507011e-01  -1.4265905e+00  -1.0709220e+00   2.0596149e-01
   2.0000000e+00   1.4543629e+00  -4.1814496e-01   5.8362749e-01   1.4574757e+00  -1.3714527e+00  -5.5369834e-01
   2.0000000e+00  -5.5311493e-01   4.6914510e-01   5.4741410e-01  -1.3672261e+00  -1.3518662e+00  -1.7481761e+00
   2.0000000e+00  -8.0172339e-02   6.4060250e-01   9.0398347e-01   4.7328589e-02  -7.8069541e-01  -5.0657501e-01
   2.0000000e+00   1.1711043e-01  -5.7406876e-01   1.5368057e+00   3.6531336e-03  -1.7915599e+00  -1.2661622e+00
   2.0000000e+00  -4.7693507e-01   8.6078444e-01   2.2940643e+00  -1.0166137e-01  -2.8415686e-01   8.6582742e-01
   2.0000000e+00  -5.9965126e-01   3.6007838e-01  -4.5823352e-01   1.3222708e+00  -2.8473982e-01   1.5553045e-01
   2.0000000e+00   6.3486384e-01   2.4743184e+00  -1.5595144e+00  -1.4791182e-01   1.2238495e+00  -3.0740551e-01
   2.0000000e+00  -8.1336229e-01  -1.7980057e+00   1.7371780e+00  -1.1394351e+00  -1.3225497e+00  -2.3593809e-01
   2.0000000e+00  -1.7984354e-02   8.0619437e-01  -2.8746725e-01   3.9402693e-01   1.4245263e-02  -8.2224733e-01
   2.0000000e+00  -7.1356225e-01   1.0545541e+00  -6.9948455e-01  -3.0731932e-01   8.8403318e-02   5.4480388e-01
   2.0000000e+00  -1.3027958e+00   3.2034399e-01  -1.1687722e+00   2.1543580e+00   3.1198378e-02  -1.1001203e+00
   2.0000000e+00  -3.9894032e-02  -1.6069452e+00   8.9133108e-01  -8.2282339e-01  -3.8428332e-01   9.0372352e-01
   2.0000000e+00  -3.9782089e-01   2.0764873e-01   5.3570982e-01  -4.3878040e-01   4.0687619e-02  -1.6266081e-01
   2.0000000e+00  -5.2736507e-02   3.2767683e-01   1.3357210e+00   1.3810929e+00   3.4243553e-01  -1.2843596e+00
   1.0000000e+00   6.5606552e-02  -4.2145324e-01   5.8170695e-01   6.5403105e-01   6.8163889e-01   8.6924113e-01
   1.0000000e+00   7.1555863e-01  -3.2534779e-01  -5.5099114e-01   8.1565670e-01  -4.7608471e-02  -1.1413463e+00
   2.0000000e+00  -8.6677784e-01   4.5049899e-01   1.0876482e+00  -6.2098743e-03   4.1732257e-01  -5.9700393e-01
   2.0000000e+00  -1.5943372e+00   6.5821913e-01  -1.9436002e+00   4.9452542e-01   9.0967025e-01   1.6363301e+00
   1.0000000e+00   1.9027883e-01   1.5228074e+00   3.6236163e-01  -8.1439308e-02  -1.5495561e+00   3.7741105e-01
   2.0000000e+00  -8.9472718e-01  -2.3715345e+00  -1.1506673e+00  -8.0411435e-01  -3.4686534e+00  -2.4269482e-01
   2.0000000e+00  -7.3642863e-02  -5.8560350e-01   1.2173757e-01   9.8115481e-01  -1.5330406e-01   1.4170078e+00
   2.0000000e+00  -1.1669735e+00   1.0145181e+00   1.3442332e+00   2.9261232e+00  -6.4539508e-01   4.4602406e-01
   2.0000000e+00  -9.8729342e-01  -2.2320687e+00   4.5893747e-01   5.2698474e-01   2.6769059e+00  -7.4469374e-01
   2.0000000e+00  -7.9738264e-01  -4.0551466e-01   3.8210426e-01  -1.4635245e+00   1.0415952e+00  -7.8632523e-02
   2.0000000e+00   1.0094045e+00  -8.4795896e-01   5.9068437e-01   3.4241621e-01  -1.5532765e+00   6.5770694e-01
   1.0000000e+00   6.3628226e-01  -1.0309641e+00   2.1816704e-01  -1.0078698e+00   6.6861133e-01  -1.3242544e+00
   2.0000000e+00  -4.7461478e-01   1.8222808e-01  -2.9650163e-01  -2.8063945e-01  -4.4040422e-01   1.3122050e+00
   2.0000000e+00   1.5826201e+00   2.0614094e-01   3.1886413e-01  -7.7688389e-01   2.0295249e-01   1.8502256e+00
   2.0000000e+00  -9.1501636e-01  -9.6901789e-01   2.2824345e-01   1.0637674e+00  -2.6023981e-01   1.3160846e+00
   2.0000000e+00  -3.0066210e-01   8.2135527e-01   7.1977099e-01   1.2721395e+00   7.4747878e-02  -1.3180342e+00
   1.0000000e+00   5.9791121e-01   5.7958066e-01   7.1033517e-01  -7.2247449e-01   1.6840673e-02   7.0933020e-01
   2.0000000e+00  -9.7921415e-01  -6.5836319e-01   6.5727391e-01  -4.3003167e-01  -2.1690611e+00   1.1855076e+00
   2.0000000e+00   1.0830698e+00  -4.3875151e-01   2.9482115e-01  -2.7316581e+00   8.5066773e-01   5.1773265e-01
   2.0000000e+00   3.3542943e-01   4.9367465e-01  -1.6264347e+00  -2.7869859e-01   4.9145093e-01   5.0823159e-01
   2.0000000e+00   1.1030144e+00  -1.2309741e+00   1.4771196e+00  -8.5529014e-01  -7.6895800e-01   2.6479263e+00
   2.0000000e+00   7.1513676e-01   1.6992844e-01  -7.9878171e-01  -1.9663932e+00   1.8224917e-02   3.2334683e-01
   2.0000000e+00  -2.1747479e-01  -1.5755707e+00   1.7303728e+00   4.4526211e-01   3.1664815e-01  -2.3254830e+00
   2.0000000e+00   1.3071759e+00   6.4812599e-01  -8.9880568e-01   1.2420174e+00   1.0505834e-01  -1.9190522e-01
   2.0000000e+00   2.7797601e-01   9.9931455e-01  -1.3607468e+00  -1.1353833e+00  -1.4989944e+00  -8.0518969e-01
   1.0000000e+00   6.4548122e-01  -1.1966166e+00  -3.7263693e-01  -6.3682424e-01   2.6721102e-01   8.0361204e-01
   2.0000000e+00   6.6438858e-01   9.7917630e-01  -4.3206922e-01  -2.1866496e+00  -4.7206308e-02  -4.6206825e-01
   2.0000000e+00  -1.3682911e+00  -3.6019604e-01   1.9463652e+00  -7.4925782e-01  -1.0896944e+00   1.1516221e+00
   2.0000000e+00   7.2337687e-01   1.2751084e+00   1.0386652e+00   1.4022030e+00   1.5150325e+00  -3.0676456e-02
   2.0000000e+00  -1.8454345e+00   9.8200583e-01   1.5309333e+00  -1.1009178e-01   1.5453567e+00  -1.3518493e+00
   2.0000000e+00  -8.0224588e-01   7.5286370e-01  -5.2111681e-01   1.4520739e+00  -8.0882219e-01   1.3035181e+00
   2.0000000e+00  -4.3267866e-01   1.8273281e-01   7.8207338e-01  -1.2310586e+00   1.3391681e+00  -5.4211637e-01
   2.0000000e+00  -1.4680937e+00  -2.3695732e+00   7.4650394e-01   2.5724803e-01  -3.8876003e-01  -4.6036726e-01
   2.0000000e+00  -7.9469811e-02  -7.1733286e-01   7.2095301e-01   3.1940721e-01  -8.3622662e-01  -1.0882040e+00
   1.0000000e+00   3.1236994e-01   1.8191987e+00   1.3277519e-01   3.2763786e-01   6.2331732e-01   1.2206824e+00
   2.0000000e+00  -2.6427794e-01   2.8771139e-01  -6.3819652e-01   1.2047788e+00  -3.3948427e-01   9.7458605e-01
   2.0000000e+00   1.3616393e+00   3.9070253e-01   3.9467802e-01  -1.8930130e+00   4.5661941e-01   2.5262405e+00
   2.0000000e+00  -2.8927260e+00   1.2799441e+00   4.8576837e-01   2.4705174e+00  -6.3208930e-01  -1.8636523e+00
   1.0000000e+00   3.8832838e-01  -8.5518162e-01   6.1445574e-01   1.2711324e+00  -5.8154041e-01  -6.1781440e-01
   2.0000000e+00   1.4881274e+00  -1.9994319e-01  -7.5743818e-01  -9.9064888e-02   9.1973830e-01  -1.2667412e-01
   2.0000000e+00  -3.2034318e-01  -4.6661925e-01   3.1134854e-01  -9.1119168e-02  -5.0619954e-01   5.8583563e-01
   2.0000000e+00  -1.1048646e-01   1.7755026e-01   7.9124535e-01   1.1664727e+00  -1.9526476e-01   8.4762665e-02
   2.0000000e+00  -7.8726039e-01  -5.7673732e-01   6.6475309e-01   1.0633485e+00  -5.2303022e-01   1.0133644e+00
   2.0000000e+00   1.1000945e+00   7.6855263e-01  -5.3599649e-01  -2.3116965e-01   3.8642880e-01   1.1329800e-01
   2.0000000e+00  -1.3250780e-01   7.5238447e-01   6.0984629e-01  -3.9799418e-01  -1.7472292e-01   1.1771679e-02
   2.0000000e+00   8.7152929e-01   1.4835044e-01   4.8925105e-01  -2.5318746e+00  -1.7924194e-01   1.9537595e+00
   1.0000000e+00   1.9901573e-01  -2.8675536e-01   8.0563677e-01   6.0730949e-01  -1.4528572e+00  -7.7801016e-01
   2.0000000e+00  -1.9016364e-01   2.5762859e-01   1.5294764e+00  -6.0303096e-01  -2.9762373e-01   1.0945545e+00
   2.0000000e+00  -1.6467323e-01   3.6351765e-01   4.4092000e-01  -5.2521083e-01  -2.3311521e+00   7.4196425e-01
   2.0000000e+00   1.1870260e+00   5.0151987e-01  -1.2855238e+00   1.9465591e+00   4.4069519e-01  -9.3203402e-01
   2.0000000e+00   1.0016689e+00   9.4186389e-01  -7.1203902e-01  -3.8080425e-01   7.5558438e-01   1.0334658e+00
   2.0000000e+00   1.4519248e+00  -2.9249243e-01  -6.6208374e-01   7.2833476e-01  -7.5835602e-01   1.1026606e-01
   2.0000000e+00   5.6810004e-01  -6.2302082e-01  -9.2321572e-01  -2.2592287e-01   3.2395350e-01   1.5443178e-02
   2.0000000e+00  -7.5693894e-01  -1.8463103e-01  -7.2240077e-01  -1.2684219e+00  -1.9453451e-01  -2.5193730e-01
   2.0000000e+00  -1.0078571e+00   2.0980119e+00   5.3910606e-01  -6.7219478e-01  -1.1790548e+00  -4.8254801e-01
   2.0000000e+00   6.7359190e-01   5.7277306e-01   8.6406849e-01   4.2497567e-01   1.9743608e+00   1.2832075e-03
   2.0000000e+00  -7.3783343e-01   4.2171067e-01   4.4456277e-01  -4.3092004e-01   1.0875843e+00  -3.4337866e+00
   2.0000000e+00  -4.6815710e-01  -3.7600913e-01   1.5906789e-01  -1.6081423e-01  -3.1536703e+00   1.1552511e-02
   2.0000000e+00  -1.1375591e+00   2.9941204e-01  -1.5198534e+00   1.3253324e+00   1.5001622e+00  -1.0475553e+00
   2.0000000e+00  -7.9796156e-01   3.4021510e-01  -1.0079608e+00  -1.7410187e+00   6.0310562e-01  -1.1257714e+00
   2.0000000e+00   8.7961479e-01  -6.7442130e-01   6.6350442e-01   1.4145191e+00  -1.0783394e+00  -1.0104321e+00
   2.0000000e+00  -4.7889867e-01   1.8288100e+00   1.0661411e-02  -6.0438430e-01   7.0492902e-01   1.1960311e+00
   2.0000000e+00  -7.3262510e-01  -1.8545564e-01   4.4123714e-01   5.1315817e-01   9.8370697e-01   1.1384556e+00
   2.0000000e+00   2.2854489e+00  -2.8147939e-01  -1.0587300e-01   8.5441670e-02  -1.8947671e-01   5.6983419e-01
   1.0000000e+00   2.7476073e-01  -6.9386135e-01  -6.6809512e-01   1.2448631e+00  -3.3695612e-01   1.0002149e+00
   2.0000000e+00   8.3980511e-01  -3.7860584e-01   6.7335859e-01   7.6023574e-01  -1.7999241e-01   1.2997257e+00
   1.0000000e+00   7.8022539e-01   1.2263683e+00   5.0551891e-01   1.0051155e+00  -1.7894464e+00  -6.0959738e-01
   2.0000000e+00  -1.5049179e+00  -2.7519875e-01   1.0922551e-01   7.9485433e-01   2.1569500e+00   1.3912897e+00
   2.0000000e+00  -5.5525469e-01  -2.3473320e-02  -9.1269709e-01   7.6246735e-02  -7.0284823e-01  -8.2349457e-01
   2.0000000e+00   1.6490958e+00  -5.5265178e-01   4.8960862e-01   4.1757088e-03   1.3085138e+00  -1.0405289e+00
   1.0000000e+00   1.6554741e-02   2.5543180e+00  -2.2044022e-01  -1.1102330e+00   1.4734646e+00   9.2063984e-01
   2.0000000e+00  -4.4731735e-02  -1.9570468e-01  -1.0210161e-01  -1.4356956e-01  -4.7474213e-01  -1.6849198e-01
   2.0000000e+00  -5.5538666e-01   5.6741107e-01  -8.7460762e-01  -8.2288652e-01   5.5569449e-01  -2.0648286e+00
   2.0000000e+00  -7.5766572e-01  -1.9600750e+00   6.4534837e-01  -9.2491216e-01  -4.7773004e-02   9.6143892e-01
   2.0000000e+00  -1.0349336e+00   1.0804250e+00  -7.5840748e-01   1.2980542e-01  -1.0840898e+00   1.5181493e+00
   2.0000000e+00  -7.1354628e-01  -4.7466775e-01  -7.0014638e-01  -2.2730641e+00   3.2666585e-01  -9.6045606e-01
   2.0000000e+00   1.2938090e+00   3.8457107e-01  -3.3543477e-01   7.9483151e-01   5.9543505e-01  -2.2998157e+00
   2.0000000e+00   3.5455547e-01   1.4344083e+00  -1.0073240e+00   2.4694308e-01   4.6285968e-02  -1.0257918e+00
   2.0000000e+00   7.4127466e-01  -3.1956549e-01  -7.2433047e-01   1.6485695e+00  -7.4583567e-01   7.3604086e-02
   2.0000000e+00   1.0379765e+00  -6.6268727e-01   1.5399729e+00   6.7189736e-01   2.2027191e-01  -1.1930607e+00
   2.0000000e+00  -8.7652237e-01  -2.9067590e-03   1.3370423e+00   9.7902272e-01  -1.4333872e+00  -1.4294770e+00
   2.0000000e+00   8.3852781e-01   1.4530594e-01  -9.1472071e-01   2.6576590e-01   7.1720139e-01   1.0814531e+00
   1.0000000e+00   4.2429744e-02  -5.7701669e-01  -2.4789381e-01  -1.6789446e+00   1.3087414e+00   1.2370634e-01
   2.0000000e+00  -5.5932058e-01   1.7416130e+00  -1.6272639e+00   5.2570543e-02   7.5379178e-01   4.4950347e-01
   2.0000000e+00  -3.6454231e-01   1.0701626e+00   1.0442633e+00   1.9216152e+00   1.5240751e-01   1.3700957e-01
   2.0000000e+00   6.8765576e-01   1.7443002e+00  -6.2722417e-01   1.9249461e+00  -6.6915004e-01  -1.1148383e+00
   1.0000000e+00   7.0712518e-01  -3.6430914e-01   3.9528418e-01   1.6671127e+00   4.1599738e-01  -9.9237434e-01
   2.0000000e+00  -5.2497542e-01  -1.3539116e+00   9.4574197e-01  -1.5660515e+00  -5.1099420e-01  -1.7650521e+00
   1.0000000e+00   6.5441339e-01   3.1091910e-01   4.8085298e-01  -1.7115241e+00  -5.9771576e-01  -1.1340267e-02
   2.0000000e+00  -2.6074159e+00  -9.4821397e-01  -1.0058749e-01   2.3880486e-01  -8.5151652e-01   6.2472543e-01
   2.0000000e+00  -2.0797364e+00   1.1525634e+00  -5.6350345e-01  -1.7751850e+00   1.7115900e+00   1.3546133e-01
   2.0000000e+00  -5.2364377e-01   7.9703536e-01   8.7834947e-02  -1.2581375e+00   1.8294195e+00  -9.6095898e-02
   2.0000000e+00   1.1988054e+00  -6.0898000e-01   1.7285613e+00   9.6749849e-01  -2.9321121e-01  -1.3142163e+00
   2.0000000e+00  -3.2991720e-01   2.6843778e-01   1.7134286e-02   9.7136551e-01   1.8529670e+00   1.9977050e-01
   2.0000000e+00  -5.2586866e-01  -1.8243084e+00   1.0756262e+00  -2.5227167e+00   8.9650179e-01  -1.2088066e+00
   2.0000000e+00  -7.3846514e-01   1.8831227e-01  -1.4137460e+00   1.2287245e+00   5.3800130e-01  -4.3627837e-01
   2.0000000e+00   1.8426633e+00  -2.2340966e-01  -4.5282761e-01   8.7096369e-01   2.1104022e+00  -6.7161432e-01
   2.0000000e+00  -2.3904107e-01  -6.3545370e-01  -2.4887985e+00   7.5913171e-01   1.0372472e+00   1.3374266e+00
   1.0000000e+00   7.5948096e-01   1.8376164e+00   3.9471129e-01  -9.4996657e-01   3.5572606e-01   9.3064860e-01
   2.0000000e+00   6.6263561e-01   1.3375249e+00  -7.9626567e-01  -3.4648614e-01  -1.5513002e+00   1.9768009e+00
   2.0000000e+00   3.1553210e-01  -1.3092752e+00  -9.9681973e-01   1.1558256e+00  -4.8601084e-01   5.3277104e-01
   2.0000000e+00  -1.4212809e+00   3.6443118e-01   1.2432918e-01  -9.6778575e-01  -1.9055961e+00   3.0144248e-02
   2.0000000e+00  -1.6031799e+00   6.0503706e-01   1.7112606e+00   1.6565352e+00   1.4611220e-01   5.3962583e-01
   2.0000000e+00  -3.1321151e-01  -1.4254431e+00  -3.7757542e-01  -1.1102039e+00  -5.6140127e-01  -9.6084278e-01
   2.0000000e+00   3.8456057e-01   3.4821233e-01  -1.0044810e+00   1.5767064e-01   2.1538871e-01   1.6582175e+00
   2.0000000e+00  -7.9569330e-01   3.7553391e-01  -6.6865746e-01   3.3703920e-01  -7.4717561e-01  -7.3115719e-02
   2.0000000e+00  -7.4036420e-01   1.2539538e+00  -2.0199708e+00   8.8980466e-01   7.8200369e-01  -7.7355396e-01
   2.0000000e+00  -6.9059095e-02  -6.1034933e-01   9.9081978e-01  -4.7676056e-01  -1.4646335e+00   1.0170845e+00
   2.0000000e+00   1.1098461e+00   7.7027397e-01   1.3516325e+00  -4.8243089e-01  -3.5913145e-01  -7.5604243e-01
   1.0000000e+00   4.8776083e-01   1.2367097e+00   5.9014005e-01   1.5474887e+00  -1.3146586e+00   2.2457022e-01
   1.0000000e+00   5.7617371e-01  -3.8287756e-01   4.3135862e-02  -7.1831014e-01  -4.8881131e-01  -1.9834457e-01
   2.0000000e+00  -2.9172380e-01  -2.6774089e-02   8.0932041e-01   1.2776968e+00   6.2086623e-01  -9.5957520e-01
   2.0000000e+00  -5.1231518e-01   1.4553878e+00   5.8122751e-02  -8.8080775e-01  -1.5781885e-01   6.6670687e-01
   2.0000000e+00  -1.4306512e+00  -7.3186635e-01  -1.2309192e+00   1.1533889e+00   1.1770071e-01  -9.4159342e-01
   2.0000000e+00  -6.0417733e-01  -1.4737274e-01  -1.3427240e-01   3.2691605e-01  -1.8940867e+00   1.4989797e+00
   2.0000000e+00  -1.5559949e-01  -1.3266573e+00  -1.1489808e-01   7.3222467e-01  -3.0195764e-01   2.7027719e+00
   2.0000000e+00  -7.3317796e-01  -5.8236845e-01   7.8622078e-01   3.6381815e-01  -3.1447624e-01   6.2509343e-01
   1.0000000e+00   5.7875531e-01  -5.2465868e-01  -4.8273811e-01  -5.4504657e-01  -3.9862245e-01  -2.4069510e+00
   2.0000000e+00  -5.8764824e-01   9.0565351e-02  -6.2702107e-01   9.2412134e-02  -1.7772127e+00   3.8264185e-01
   2.0000000e+00  -4.8694435e-01   1.3604653e-01  -1.4596997e+00   1.2921812e+00  -1.1307111e+00   4.4852227e-01
   2.0000000e+00   1.0058995e+00   1.0780147e+00   1.8137247e-01   2.0204278e-01   7.5665985e-01  -1.8212680e+00
   2.0000000e+00  -6.7297624e-01   7.0882631e-01  -1.0761339e+00   7.0779633e-01  -8.5506369e-02   3.0919782e-01
   2.0000000e+00  -1.2614220e+00   1.3595641e+00   8.2165943e-01  -6.4663075e-01   1.1105552e-01   8.7467710e-01
   2.0000000e+00   8.3407597e-01   9.5622068e-01   1.1969514e+00   5.3937058e-01  -1.6144326e+00  -1.1170531e+00
   1.0000000e+00   4.2168907e-01  -2.4188963e-01  -2.2243185e-01  -1.8820649e-02   3.9005071e-02   9.0090743e-01
   2.0000000e+00   1.7087733e-01  -1.4324915e-02  -1.6906936e+00  -4.2920782e-01  -1.6748352e-01  -7.2386042e-01
   1.0000000e+00   1.4037211e-01   1.3139944e+00   4.8885550e-02   1.7659599e-02  -8.9376300e-01  -2.4811797e-01
   1.0000000e+00   7.1953865e-01  -2.2924588e+00   1.0413484e-01  -8.7376911e-01  -3.2492682e-02   1.1394338e+00
   2.0000000e+00  -4.3654666e-01  -4.4424217e-01   2.1443995e+00   8.7006221e-02   5.3048462e-01  -1.0153104e-02
   2.0000000e+00   1.5550511e+00  -7.2742898e-01   5.6023220e-01  -1.5903241e+00  -7.5374674e-01  -2.0076167e+00
   2.0000000e+00  -9.9309579e-01   6.4297724e-01   2.2049897e-01  -1.2275080e+00  -1.1451560e-01   1.8706517e+00
   2.0000000e+00  -1.6456373e+00   4.1845021e-01  -7.2459278e-02   1.0883836e+00   2.6177552e+00  -6.8863023e-01
   2.0000000e+00   1.3228553e+00   2.5909945e+00   9.9745524e-01  -4.2631871e-01   8.2180606e-01   2.1634494e-01
   1.0000000e+00   7.0478040e-01   7.9157408e-01   6.7125541e-01   4.3444361e-01   7.8806115e-01   1.6571941e-01
   2.0000000e+00   9.9454514e-01   4.1779159e-01   1.3453858e+00   6.6266540e-02  -4.8768018e-01   1.1467492e+00
   2.0000000e+00   1.3251346e-02   2.0460294e-01  -1.2349981e+00  -1.8102731e-01  -5.7586709e-01  -1.1633645e-01
   2.0000000e+00  -2.3060851e-01   6.0428395e-02  -2.7068951e+00  -4.8997423e-01   1.9464135e-01   1.2357911e+00
   1.0000000e+00   5.1660132e-01   1.5385421e+00  -2.5040696e-01  -1.6666781e+00  -7.1170441e-02  -1.2938006e+00
   2.0000000e+00  -5.3953867e-01  -1.7081318e+00  -6.7064390e-01   6.9156056e-01   8.2521865e-01   2.4968038e-01
   2.0000000e+00  -8.7628388e-01  -5.1574474e-01  -3.4573674e-01  -5.1851399e-01   2.3229014e-01   9.2705130e-01
   2.0000000e+00   1.4896169e+00  -1.8029606e+00  -8.3517803e-01  -1.2396222e+00   6.4760999e-01  -1.6623651e+00
   2.0000000e+00  -1.3952045e+00   3.9876586e-01   9.2462127e-01  -3.1187666e+00   4.3815551e-01  -7.8196421e-01
   2.0000000e+00  -2.0011775e+00  -4.9490608e-01   1.8744585e+00   5.1894716e-01  -2.6105657e-01  -1.8476674e-01
   1.0000000e+00   6.7088428e-01   3.4584895e-01   7.2363791e-02   6.0780005e-01  -1.8090495e+00  -1.4477964e-01
   2.0000000e+00  -2.3854190e-01  -3.6811446e-02   1.6881317e+00  -1.6073949e+00  -1.0041643e+00  -2.3809787e+00
   2.0000000e+00   1.0950756e+00   1.0546997e+00   1.8781914e+00   2.3068647e-01   1.0914743e+00   1.9018030e-02
   2.0000000e+00  -1.8197940e-01   5.0280745e-01  -3.1469523e+00   1.1892565e-02   2.4278714e-01  -1.1818614e+00
   2.0000000e+00  -1.0843186e+00  -5.8810210e-01   7.3381922e-01  -5.1780912e-01   1.8622487e-01   2.7793374e-01
   2.0000000e+00  -2.4349684e+00  -4.5850807e-01   9.7591440e-01   2.3102700e+00  -1.0531077e+00   2.0399487e-01
   1.0000000e+00   6.6497147e-01  -1.9823753e-01   6.4733222e-01  -3.4604485e-01  -1.5476049e+00  -7.7131448e-03
   2.0000000e+00   1.3073247e+00  -7.8260532e-01  -4.5693191e-01   2.2266320e+00   3.5127520e-01  -1.6427114e+00
   2.0000000e+00   2.7273227e-01   3.5721503e-01   2.9643574e-01   2.8201993e+00  -3.2106952e-01  -9.8814638e-01
